SampleID	SMN1	SMN2	SMN1 + SMN2
MANT033	7642	9056	16698
MPAU019	6252	6879	13131
MNOT001	5573	6371	11944
MAAC057	7088	7438	14526
MCAI001	5905	7044	12949
MAAC002	6067	5934	12001
MAAC003	4603	4377	8980
MAAC005	5853	5906	11759
MAAC008	5332	5441	10773
MAAC017	8926	8618	17544
